  107 base-pairs
...     1 T-A ...
  -13.5919    19.7778   -33.4245  # origin
   -0.1508    -0.6103    -0.7777  # x-axis
    0.6875     0.5005    -0.5261  # y-axis
    0.7103    -0.6140     0.3441  # z-axis
...     2 G-C ...
  -12.1312    17.2662   -31.5546  # origin
    0.4423    -0.2430    -0.8633  # x-axis
    0.5887     0.8049     0.0751  # y-axis
    0.6766    -0.5415     0.4990  # z-axis
...     3 T-A ...
  -11.3208    14.2397   -29.4674  # origin
    0.7742     0.1477    -0.6154  # x-axis
    0.2176     0.8510     0.4780  # y-axis
    0.5943    -0.5040     0.6267  # z-axis
...     4 G-C ...
   -9.6587    12.0810   -27.6897  # origin
    0.7338     0.6568    -0.1739  # x-axis
   -0.3411     0.5774     0.7418  # y-axis
    0.5876    -0.4850     0.6477  # z-axis
...     5 A-T ...
   -7.3181    10.1489   -26.5042  # origin
    0.5121     0.7978     0.3180  # x-axis
   -0.6667     0.1359     0.7328  # y-axis
    0.5415    -0.5874     0.6015  # z-axis
...     6 G-C ...
   -5.1258     9.0754   -24.6113  # origin
    0.1206     0.6620     0.7397  # x-axis
   -0.8655    -0.2948     0.4049  # y-axis
    0.4861    -0.6891     0.5375  # z-axis
...     7 C-G ...
   -3.1980     6.7090   -23.7545  # origin
   -0.2936     0.2982     0.9082  # x-axis
   -0.6911    -0.7227     0.0139  # y-axis
    0.6605    -0.6236     0.4182  # z-axis
...     8 G-C ...
   -2.0993     3.1698   -19.5142  # origin
   -0.8269     0.5570     0.0773  # x-axis
   -0.5623    -0.8205    -0.1030  # y-axis
    0.0061    -0.1286     0.9917  # z-axis
...     9 C-G ...
   -2.6463     2.7179   -16.3930  # origin
   -0.9992     0.0089     0.0396  # x-axis
   -0.0225    -0.9336    -0.3577  # y-axis
    0.0338    -0.3583     0.9330  # z-axis
...    10 T-A ...
   -1.6039     2.5148   -13.5182  # origin
   -0.8308    -0.5560    -0.0252  # x-axis
    0.5300    -0.7764    -0.3409  # y-axis
    0.1700    -0.2966     0.9398  # z-axis
...    11 C-G ...
   -1.5926     2.3833   -10.3025  # origin
   -0.4020    -0.9078    -0.1197  # x-axis
    0.8747    -0.3421    -0.3434  # y-axis
    0.2708    -0.2427     0.9315  # z-axis
...    12 A-T ...
   -1.3792     1.2683    -7.2052  # origin
    0.2503    -0.9237    -0.2900  # x-axis
    0.9387     0.3049    -0.1611  # y-axis
    0.2372    -0.2319     0.9434  # z-axis
...    13 C-G ...
   -1.6336    -0.9156    -4.2535  # origin
    0.7391    -0.6467    -0.1885  # x-axis
    0.6609     0.7502     0.0179  # y-axis
    0.1299    -0.1378     0.9819  # z-axis
...    14 A-T ...
   -1.4016    -2.3380    -0.9370  # origin
    0.9948    -0.0797     0.0633  # x-axis
    0.0739     0.9932     0.0900  # y-axis
   -0.0701    -0.0849     0.9939  # z-axis
...    15 A-T ...
   -0.0022     0.0009     0.0000  # origin
    1.0000     0.0004    -0.0000  # x-axis
   -0.0004     1.0000     0.0000  # y-axis
    0.0000     0.0000     1.0000  # z-axis
...    16 A-T ...
    0.4040     0.1753     3.5471  # origin
    0.7997     0.5937    -0.0896  # x-axis
   -0.5858     0.8042     0.1010  # y-axis
    0.1320    -0.0283     0.9908  # z-axis
...    17 A-T ...
    1.4077     0.1972     6.7766  # origin
    0.3224     0.9402     0.1102  # x-axis
   -0.9409     0.3055     0.1465  # y-axis
    0.1041    -0.1510     0.9830  # z-axis
...    18 A-T ...
    0.8682    -0.6805     9.7612  # origin
   -0.0992     0.9942     0.0405  # x-axis
   -0.9718    -0.1056     0.2109  # y-axis
    0.2140    -0.0184     0.9767  # z-axis
...    19 A-T ...
    0.1100     1.1177    18.3509  # origin
   -0.7784     0.2767    -0.5635  # x-axis
   -0.6234    -0.2345     0.7459  # y-axis
    0.0743     0.9319     0.3550  # z-axis
...    20 A-T ...
   -0.4564     3.6964    19.1515  # origin
   -0.9433     0.0439    -0.3290  # x-axis
   -0.3154    -0.4267     0.8476  # y-axis
   -0.1032     0.9033     0.4163  # z-axis
...    21 A-T ...
   -1.7955     5.8261    21.4270  # origin
   -0.9320    -0.3396     0.1268  # x-axis
    0.2259    -0.2706     0.9358  # y-axis
   -0.2835     0.9008     0.3289  # z-axis
...    22 A-T ...
   -2.0329     8.7861    22.5425  # origin
   -0.6394    -0.4461     0.6262  # x-axis
    0.7480    -0.1724     0.6410  # y-axis
   -0.1779     0.8782     0.4439  # z-axis
...    23 A-T ...
   -3.7924    11.7871    24.3871  # origin
   -0.0544    -0.4954     0.8670  # x-axis
    0.9611     0.2094     0.1799  # y-axis
   -0.2706     0.8430     0.4648  # z-axis
...    24 A-T ...
   -5.2802    15.6386    24.9905  # origin
    0.4501    -0.4278     0.7838  # x-axis
    0.8755     0.3843    -0.2929  # y-axis
   -0.1759     0.8181     0.5475  # z-axis
...    25 A-T ...
   -4.7018    18.4902    27.4458  # origin
    0.8937    -0.1692     0.4156  # x-axis
    0.4276     0.6020    -0.6743  # y-axis
   -0.1361     0.7804     0.6104  # z-axis
...    26 A-T ...
   -4.7980    21.0037    28.9588  # origin
    0.9957     0.0519    -0.0769  # x-axis
   -0.0926     0.6103    -0.7868  # y-axis
    0.0061     0.7905     0.6124  # z-axis
...    27 A-T ...
   -5.1602    23.2168    30.9743  # origin
    0.9067     0.2150    -0.3630  # x-axis
   -0.4169     0.5878    -0.6933  # y-axis
    0.0643     0.7799     0.6226  # z-axis
...    28 A-T ...
   -3.7391    31.5800    29.2132  # origin
    0.1218    -0.5866    -0.8007  # x-axis
   -0.9514     0.1608    -0.2625  # y-axis
    0.2827     0.7938    -0.5385  # z-axis
...    29 A-T ...
   -3.2309    33.4905    27.3110  # origin
   -0.2778    -0.5867    -0.7607  # x-axis
   -0.9105     0.4134     0.0137  # y-axis
    0.3064     0.6964    -0.6490  # z-axis
...    30 A-T ...
   -1.8669    35.4217    25.2928  # origin
   -0.7631    -0.3639    -0.5341  # x-axis
   -0.6085     0.6830     0.4040  # y-axis
    0.2178     0.6333    -0.7426  # z-axis
...    31 A-T ...
   -1.1373    37.2774    22.5514  # origin
   -0.9657     0.0793    -0.2473  # x-axis
   -0.0585     0.8613     0.5048  # y-axis
    0.2530     0.5019    -0.8271  # z-axis
...    32 A-T ...
   -0.2776    38.9538    19.7297  # origin
   -0.8356     0.5466     0.0551  # x-axis
    0.4676     0.6549     0.5937  # y-axis
    0.2885     0.5218    -0.8028  # z-axis
...    33 A-T ...
    0.7956    40.9698    16.9362  # origin
   -0.4582     0.7833     0.4200  # x-axis
    0.8399     0.2270     0.4930  # y-axis
    0.2909     0.5787    -0.7619  # z-axis
...    34 A-T ...
    1.9407    42.4294    14.4503  # origin
    0.1978     0.8494     0.4892  # x-axis
    0.8878    -0.3669     0.2780  # y-axis
    0.4156     0.3793    -0.8267  # z-axis
...    35 A-T ...
    3.7351    43.6921    11.6630  # origin
    0.5498     0.5602     0.6197  # x-axis
    0.6724    -0.7369     0.0697  # y-axis
    0.4957     0.3783    -0.7818  # z-axis
...    36 A-T ...
    5.5305    44.7536     9.2227  # origin
    0.8280     0.0433     0.5591  # x-axis
    0.2329    -0.9335    -0.2726  # y-axis
    0.5101     0.3559    -0.7830  # z-axis
...    37 A-T ...
    7.4916    45.7584     6.6570  # origin
    0.8035    -0.4273     0.4145  # x-axis
   -0.1369    -0.8102    -0.5699  # y-axis
    0.5793     0.4012    -0.7095  # z-axis
...    38 A-T ...
    9.7685    47.1069     4.3091  # origin
    0.4971    -0.8614     0.1044  # x-axis
   -0.5183    -0.3913    -0.7604  # y-axis
    0.6959     0.3239    -0.6410  # z-axis
...    39 A-T ...
   11.9884    48.1200     2.2278  # origin
    0.0943    -0.9725    -0.2131  # x-axis
   -0.7363     0.0759    -0.6724  # y-axis
    0.6700     0.2203    -0.7089  # z-axis
...    40 A-T ...
   14.6182    49.0890    -0.3019  # origin
   -0.3388    -0.7579    -0.5575  # x-axis
   -0.6117     0.6277    -0.4816  # y-axis
    0.7149     0.1779    -0.6762  # z-axis
...    41 A-T ...
   16.9918    49.5356    -2.2358  # origin
   -0.5606    -0.1558    -0.8133  # x-axis
   -0.2193     0.9750    -0.0357  # y-axis
    0.7985     0.1583    -0.5808  # z-axis
...    42 A-T ...
   19.9258    50.0942    -4.0078  # origin
   -0.4981     0.5647    -0.6581  # x-axis
    0.1555     0.8048     0.5728  # y-axis
    0.8530     0.1830    -0.4887  # z-axis
...    43 A-T ...
   22.4642    50.4891    -5.6409  # origin
   -0.2948     0.9299    -0.2200  # x-axis
    0.4553     0.3391     0.8232  # y-axis
    0.8401     0.1426    -0.5234  # z-axis
...    44 A-T ...
   25.3603    51.0313    -7.3566  # origin
    0.0215     0.9341     0.3562  # x-axis
    0.4779    -0.3226     0.8170  # y-axis
    0.8782     0.1527    -0.4533  # z-axis
...    45 A-T ...
   28.4128    51.2402    -9.0427  # origin
    0.3688     0.6114     0.7002  # x-axis
    0.3604    -0.7884     0.4986  # y-axis
    0.8568     0.0684    -0.5111  # z-axis
...    46 A-T ...
   31.3168    51.4042   -11.1554  # origin
    0.5644     0.2334     0.7918  # x-axis
    0.1329    -0.9724     0.1919  # y-axis
    0.8147    -0.0030    -0.5798  # z-axis
...    47 A-T ...
   34.1906    51.5648   -13.0092  # origin
    0.5115    -0.3359     0.7909  # x-axis
   -0.1665    -0.9417    -0.2923  # y-axis
    0.8430     0.0178    -0.5376  # z-axis
...    48 A-T ...
   37.0213    51.9213   -15.0101  # origin
    0.4174    -0.8257     0.3795  # x-axis
   -0.4419    -0.5493    -0.7092  # y-axis
    0.7940     0.1284    -0.5942  # z-axis
...    49 A-T ...
   39.7111    52.6369   -16.9258  # origin
    0.2434    -0.9584    -0.1491  # x-axis
   -0.5931    -0.0254    -0.8047  # y-axis
    0.7675     0.2843    -0.5746  # z-axis
...    50 A-T ...
   42.2445    53.7660   -18.9090  # origin
   -0.1298    -0.7637    -0.6324  # x-axis
   -0.6987     0.5230    -0.4881  # y-axis
    0.7035     0.3786    -0.6015  # z-axis
...    51 A-T ...
   44.9644    55.1427   -21.1226  # origin
   -0.5385    -0.3975    -0.7430  # x-axis
   -0.5084     0.8565    -0.0898  # y-axis
    0.6720     0.3293    -0.6633  # z-axis
...    52 A-T ...
   47.1473    56.2276   -23.4362  # origin
   -0.7490     0.1751    -0.6390  # x-axis
   -0.0693     0.9384     0.3384  # y-axis
    0.6589     0.2978    -0.6908  # z-axis
...    53 A-T ...
   49.6470    57.4525   -25.7456  # origin
   -0.7294     0.5802    -0.3624  # x-axis
    0.2542     0.7217     0.6438  # y-axis
    0.6351     0.3775    -0.6739  # z-axis
...    54 A-T ...
   51.9701    58.8006   -28.0009  # origin
   -0.4515     0.8914     0.0407  # x-axis
    0.6335     0.2881     0.7181  # y-axis
    0.6283     0.3500    -0.6948  # z-axis
...    55 A-T ...
   54.0373    59.8113   -30.3049  # origin
   -0.0141     0.9421     0.3351  # x-axis
    0.7943    -0.1930     0.5760  # y-axis
    0.6073     0.2743    -0.7456  # z-axis
...    56 A-T ...
   56.3408    60.7550   -32.6112  # origin
    0.4147     0.7129     0.5655  # x-axis
    0.6732    -0.6585     0.3365  # y-axis
    0.6123     0.2412    -0.7530  # z-axis
...    57 A-T ...
   58.4535    61.7092   -34.9590  # origin
    0.6795     0.1708     0.7135  # x-axis
    0.3008    -0.9519    -0.0585  # y-axis
    0.6692     0.2544    -0.6982  # z-axis
...    58 A-T ...
   60.7583    62.4647   -37.6040  # origin
    0.7890    -0.2517     0.5604  # x-axis
   -0.0612    -0.9399    -0.3360  # y-axis
    0.6113     0.2308    -0.7570  # z-axis
...    59 A-T ...
   62.8940    63.0346   -40.4635  # origin
    0.7215    -0.6634     0.1982  # x-axis
   -0.4899    -0.6914    -0.5310  # y-axis
    0.4893     0.2860    -0.8239  # z-axis
...    60 A-T ...
   64.6962    64.2555   -43.1207  # origin
    0.3552    -0.9266    -0.1234  # x-axis
   -0.7713    -0.2160    -0.5986  # y-axis
    0.5281     0.3078    -0.7915  # z-axis
...    61 A-T ...
   66.4834    65.3177   -45.7776  # origin
   -0.1236    -0.8793    -0.4600  # x-axis
   -0.8367     0.3416    -0.4280  # y-axis
    0.5335     0.3320    -0.7779  # z-axis
...    62 A-T ...
   68.5951    66.6403   -48.2462  # origin
   -0.4619    -0.4514    -0.7635  # x-axis
   -0.6508     0.7573    -0.0540  # y-axis
    0.6026     0.4719    -0.6436  # z-axis
...    63 A-T ...
   70.5359    68.3630   -50.1804  # origin
   -0.7105     0.0416    -0.7024  # x-axis
   -0.3096     0.8780     0.3651  # y-axis
    0.6319     0.4769    -0.6109  # z-axis
...    64 A-T ...
   72.9446    69.9725   -52.2481  # origin
   -0.7174     0.4742    -0.5104  # x-axis
    0.0010     0.7333     0.6799  # y-axis
    0.6967     0.4873    -0.5265  # z-axis
...    65 A-T ...
   75.0555    71.8342   -53.9674  # origin
   -0.7438     0.6682    -0.0140  # x-axis
    0.3281     0.3834     0.8633  # y-axis
    0.5823     0.6375    -0.5044  # z-axis
...    66 A-T ...
   76.9285    73.6325   -56.1327  # origin
   -0.3440     0.8411     0.4175  # x-axis
    0.8005     0.0303     0.5985  # y-axis
    0.4908     0.5401    -0.6837  # z-axis
...    67 A-T ...
   78.3754    75.5885   -58.3734  # origin
    0.1835     0.6466     0.7404  # x-axis
    0.8629    -0.4667     0.1938  # y-axis
    0.4709     0.6033    -0.6436  # z-axis
...    68 A-T ...
   80.1462    77.6234   -60.6388  # origin
    0.6643     0.2754     0.6949  # x-axis
    0.5513    -0.8083    -0.2066  # y-axis
    0.5048     0.5204    -0.6888  # z-axis
...    69 A-T ...
   81.9911    79.7137   -62.8634  # origin
    0.8741    -0.2469     0.4184  # x-axis
    0.0761    -0.7810    -0.6199  # y-axis
    0.4798     0.5737    -0.6638  # z-axis
...    70 A-T ...
   83.3155    81.7204   -65.3383  # origin
    0.8223    -0.5650    -0.0677  # x-axis
   -0.4793    -0.6235    -0.6177  # y-axis
    0.3068     0.5404    -0.7835  # z-axis
...    71 A-T ...
   84.4278    83.6734   -67.9328  # origin
    0.2812    -0.8099    -0.5148  # x-axis
   -0.9208    -0.0765    -0.3825  # y-axis
    0.2704     0.5816    -0.7673  # z-axis
...    72 A-T ...
   85.3605    84.6443   -70.7054  # origin
   -0.2836    -0.6974    -0.6582  # x-axis
   -0.8967     0.4361    -0.0757  # y-axis
    0.3398     0.5687    -0.7490  # z-axis
...    73 A-T ...
   86.6483    86.3853   -72.8828  # origin
   -0.6482    -0.4603    -0.6066  # x-axis
   -0.6958     0.6817     0.2263  # y-axis
    0.3093     0.5687    -0.7621  # z-axis
...    74 A-T ...
   87.0249    91.2113   -79.7998  # origin
   -0.8576    -0.0200     0.5140  # x-axis
   -0.1135     0.9819    -0.1513  # y-axis
   -0.5017    -0.1881    -0.8444  # z-axis
...    75 A-T ...
   84.7044    90.8138   -81.8106  # origin
   -0.7921     0.3262     0.5158  # x-axis
    0.2284     0.9422    -0.2452  # y-axis
   -0.5660    -0.0764    -0.8209  # z-axis
...    76 A-T ...
   83.1795    90.4002   -84.1985  # origin
   -0.5819     0.7293     0.3598  # x-axis
    0.5246     0.6747    -0.5192  # y-axis
   -0.6214    -0.1134    -0.7753  # z-axis
...    77 A-T ...
   81.3753    90.4051   -87.2164  # origin
   -0.0666     0.9887     0.1345  # x-axis
    0.7198     0.1410    -0.6797  # y-axis
   -0.6910     0.0515    -0.7210  # z-axis
...    78 A-T ...
   78.6935    91.1661   -89.9114  # origin
    0.5428     0.7884    -0.2895  # x-axis
    0.5654    -0.5979    -0.5682  # y-axis
   -0.6211     0.1447    -0.7703  # z-axis
...    79 A-T ...
   75.6446    92.6116   -91.4889  # origin
    0.8030     0.4255    -0.4173  # x-axis
    0.2187    -0.8617    -0.4578  # y-axis
   -0.5544     0.2764    -0.7850  # z-axis
...    80 A-T ...
   73.9188    93.6203   -94.2753  # origin
    0.8082    -0.1071    -0.5791  # x-axis
   -0.2983    -0.9223    -0.2458  # y-axis
   -0.5077     0.3714    -0.7774  # z-axis
...    81 A-T ...
   72.2122    94.1837   -96.6413  # origin
    0.6045    -0.5802    -0.5459  # x-axis
   -0.6152    -0.7753     0.1428  # y-axis
   -0.5061     0.2495    -0.8256  # z-axis
...    82 A-T ...
   70.7533    95.3586   -98.9755  # origin
    0.4219    -0.8131    -0.4011  # x-axis
   -0.8284    -0.5255     0.1939  # y-axis
   -0.3684     0.2505    -0.8953  # z-axis
...    83 A-T ...
   65.9261    90.7877  -104.6715  # origin
    0.3171    -0.5686     0.7590  # x-axis
   -0.8748     0.1336     0.4656  # y-axis
   -0.3662    -0.8117    -0.4551  # z-axis
...    84 A-T ...
   64.4704    88.6103  -105.8102  # origin
    0.0947    -0.3911     0.9154  # x-axis
   -0.9238     0.3081     0.2272  # y-axis
   -0.3709    -0.8672    -0.3322  # z-axis
...    85 A-T ...
   63.3361    86.0022  -106.9045  # origin
   -0.3768    -0.0803     0.9228  # x-axis
   -0.8494     0.4272    -0.3097  # y-axis
   -0.3694    -0.9006    -0.2292  # z-axis
...    86 A-T ...
   61.8620    82.9441  -107.8221  # origin
   -0.7753     0.2854     0.5635  # x-axis
   -0.3795     0.5027    -0.7767  # y-axis
   -0.5049    -0.8160    -0.2814  # z-axis
...    87 A-T ...
   59.9457    79.9516  -108.5722  # origin
   -0.8185     0.5737     0.0301  # x-axis
    0.1484     0.2617    -0.9537  # y-axis
   -0.5550    -0.7762    -0.2993  # z-axis
...    88 A-T ...
   58.0911    77.4206  -109.7198  # origin
   -0.5767     0.6416    -0.5058  # x-axis
    0.6314    -0.0428    -0.7743  # y-axis
   -0.5184    -0.7659    -0.3804  # z-axis
...    89 A-T ...
   56.4736    74.5639  -110.8306  # origin
   -0.1343     0.3813    -0.9146  # x-axis
    0.8373    -0.4500    -0.3105  # y-axis
   -0.5300    -0.8075    -0.2588  # z-axis
...    90 A-T ...
   54.7678    71.3892  -111.3803  # origin
    0.3188     0.0457    -0.9467  # x-axis
    0.8386    -0.4792     0.2593  # y-axis
   -0.4418    -0.8765    -0.1910  # z-axis
...    91 A-T ...
   53.2687    68.7933  -112.3704  # origin
    0.6780    -0.1307    -0.7234  # x-axis
    0.5516    -0.5599     0.6182  # y-axis
   -0.4858    -0.8182    -0.3076  # z-axis
...    92 A-T ...
   51.7253    66.1732  -113.4844  # origin
    0.8281    -0.5377    -0.1582  # x-axis
   -0.1823    -0.5253     0.8312  # y-axis
   -0.5301    -0.6595    -0.5330  # z-axis
...    93 A-T ...
   50.3330    63.7521  -115.1696  # origin
    0.6110    -0.6054     0.5101  # x-axis
   -0.7196    -0.1562     0.6766  # y-axis
   -0.3299    -0.7805    -0.5311  # z-axis
...    94 T-A ...
   50.3376    63.6933  -115.1697  # origin
    0.6110    -0.6055     0.5100  # x-axis
   -0.7190    -0.1548     0.6775  # y-axis
   -0.3313    -0.7806    -0.5300  # z-axis
...    95 G-C ...
   50.0737    61.4484  -117.7898  # origin
   -0.0530    -0.6849     0.7267  # x-axis
   -0.9270     0.3044     0.2193  # y-axis
   -0.3714    -0.6620    -0.6510  # z-axis
...    96 T-A ...
   50.5801    59.2534  -120.7977  # origin
   -0.5839    -0.5026     0.6376  # x-axis
   -0.7315     0.6663    -0.1447  # y-axis
   -0.3521    -0.5509    -0.7567  # z-axis
...    97 G-C ...
   49.9855    57.1449  -123.2009  # origin
   -0.9137     0.0385     0.4047  # x-axis
   -0.1832     0.8498    -0.4943  # y-axis
   -0.3629    -0.5257    -0.7694  # z-axis
...    98 A-T ...
   48.8383    54.6534  -124.9678  # origin
   -0.9110     0.4122    -0.0101  # x-axis
    0.3206     0.6927    -0.6461  # y-axis
   -0.2593    -0.5919    -0.7632  # z-axis
...    99 G-C ...
   47.2101    53.1133  -127.0891  # origin
   -0.6061     0.6507    -0.4574  # x-axis
    0.7820     0.3824    -0.4922  # y-axis
   -0.1454    -0.6560    -0.7406  # z-axis
...   100 C-G ...
   46.7011    50.4283  -128.7064  # origin
   -0.1092     0.6549    -0.7478  # x-axis
    0.9482    -0.1571    -0.2761  # y-axis
   -0.2982    -0.7392    -0.6038  # z-axis
...   101 G-C ...
   46.7874    48.2786  -133.9037  # origin
    0.3667     0.9231     0.1160  # x-axis
    0.9189    -0.3399    -0.2004  # y-axis
   -0.1456     0.1801    -0.9728  # z-axis
...   102 C-G ...
   46.8194    49.1245  -136.9909  # origin
    0.8074     0.5882    -0.0450  # x-axis
    0.5890    -0.8081     0.0055  # y-axis
   -0.0331    -0.0310    -0.9990  # z-axis
...   103 T-A ...
   45.4662    49.1872  -139.7438  # origin
    0.9824     0.0386    -0.1825  # x-axis
    0.0486    -0.9976     0.0502  # y-axis
   -0.1801    -0.0582    -0.9819  # z-axis
...   104 C-G ...
   44.8433    49.9956  -142.7981  # origin
    0.8373    -0.5034    -0.2132  # x-axis
   -0.4636    -0.8605     0.2113  # y-axis
   -0.2898    -0.0781    -0.9539  # z-axis
...   105 A-T ...
   44.6088    49.8877  -146.0894  # origin
    0.3453    -0.9370    -0.0524  # x-axis
   -0.8987    -0.3462     0.2693  # y-axis
   -0.2704    -0.0459    -0.9616  # z-axis
...   106 C-G ...
   45.3547    49.1866  -149.6290  # origin
   -0.2245    -0.9734    -0.0451  # x-axis
   -0.9443     0.2059     0.2567  # y-axis
   -0.2406     0.1002    -0.9654  # z-axis
...   107 A-T ...
   45.2230    48.8947  -153.2214  # origin
   -0.7876    -0.6116    -0.0747  # x-axis
   -0.6067     0.7486     0.2675  # y-axis
   -0.1077     0.2561    -0.9606  # z-axis
